title job number 17
interpolate (2.88341468475552e-09 -14.7147333037813) (2.91680305320997e-09 -14.7047333005834) (2.95057804074976e-09 -14.6947333001859)
continue (2.98474412421288e-09 -14.6847332999164) (3.01930583227671e-09 -14.6747333027239) (3.05426774605821e-09 -14.6647333039655)
continue (3.08963449972118e-09 -14.6547333044146) (3.12541078109051e-09 -14.6447333036126) (3.16160133227355e-09 -14.6347333060404)
continue (3.19821095028865e-09 -14.6247333024019) (3.23524448770103e-09 -14.6147333005528) (3.27270685326596e-09 -14.6047333005373)
continue (3.31060301257942e-09 -14.5947333008484) (3.34893798873627e-09 -14.5847333042723) (3.38771686299608e-09 -14.5747333060107)
continue (3.42694477545664e-09 -14.5647333054425) (3.46662692573524e-09 -14.554733305805) (3.50676857365793e-09 -14.5447333027329)
continue (3.54737503995666e-09 -14.5347333011461) (3.58845170697455e-09 -14.5247333037368) (3.63000401937932e-09 -14.5147333056163)
continue (3.67203748488498e-09 -14.5047333053141) (3.71455767498185e-09 -14.4947333045032) (3.75757022567506e-09 -14.4847333025312)
continue (3.80108083823163e-09 -14.4747333016117) (3.84509527993612e-09 -14.4647333014891) (3.88961938485509e-09 -14.4547333045199)
continue (3.93465905461044e-09 -14.444733305496) (3.98022025916161e-09 -14.4347333018178) (4.0263090375969e-09 -14.4247333029832)
continue (4.07293149893398e-09 -14.4147333057999) (4.12009382292959e-09 -14.404733304509) (4.1678022608987e-09 -14.3947333049313)
continue (4.21606313654309e-09 -14.3847333051678) (4.26488284678954e-09 -14.3747333051217) (4.31426786263777e-09 -14.3647333063126)
continue (4.36422473001815e-09 -14.3547333027341) (4.41476007065932e-09 -14.3447333033518) (4.46588058296595e-09 -14.334733304888)
continue (4.51759304290658e-09 -14.324733305415) (4.56990430491176e-09 -14.3147333041973) (4.62282130278261e-09 -14.3047333057718)
continue (4.67635105060987e-09 -14.2947333028294) (4.73050064370365e-09 -14.2847333057477) (4.78527725953384e-09 -14.274733304713)
continue (4.84068815868156e-09 -14.2647333031047) (4.89674068580145e-09 -14.2547333046837) (4.95344227059528e-09 -14.2447333055826)
continue (5.0108004287967e-09 -14.2347333063635) (5.06882276316744e-09 -14.224733303966) (5.12751696450507e-09 -14.2147333070882)
continue (5.18689081266242e-09 -14.204733305262) (5.24695217757875e-09 -14.1947333071347) (5.30770902032291e-09 -14.1847333061341)
continue (5.36916939414859e-09 -14.1747333067458) (5.4313414455618e-09 -14.1647333057959) (5.49423341540058e-09 -14.1547333070391)
continue (5.55785363992743e-09 -14.1447333066033) (5.62221055193419e-09 -14.1347333072522) (5.68731268185984e-09 -14.124733304168)
continue (5.75316865892118e-09 -14.1147333056967) (5.81978721225666e-09 -14.1047333056261) (5.88717717208333e-09 -14.0947333071819)
continue (5.9553474708674e-09 -14.0847333059867) (6.02430714450812e-09 -14.0747333066413) (6.09406533353555e-09 -14.0647333060813)
continue (6.16463128432207e-09 -14.0547333066173) (6.23601435030802e-09 -14.0447333061353) (6.3082239932415e-09 -14.0347333075646)
continue (6.38126978443245e-09 -14.0247333062444) (6.45516140602136e-09 -14.0147333054212) (6.52990865226266e-09 -14.0047333067296)
continue (6.60552143082286e-09 -13.994733307234) (6.68200976409387e-09 -13.9847333083846) (6.7593837905214e-09 -13.9747333070037)
continue (6.83765376594886e-09 -13.9647333069057) (6.9168300649767e-09 -13.9547333071041) (6.9969231823376e-09 -13.9447333075872)
continue (7.07794373428751e-09 -13.9347333064145) (7.15990246001284e-09 -13.9247333079377) (7.24281022305391e-09 -13.9147333088544)
continue (7.3266780127449e-09 -13.9047333065642) (7.4115169456705e-09 -13.8947333069654) (7.49733826713937e-09 -13.8847333082326)
continue (7.58415335267471e-09 -13.8747333089028) (7.67197370952207e-09 -13.8647333077722) (7.76081097817464e-09 -13.8547333088383)
continue (7.85067693391615e-09 -13.8447333084607) (7.94158348838168e-09 -13.8347333080232) (8.03354269113658e-09 -13.8247333086957)
continue (8.12656673127355e-09 -13.8147333089522) (8.22066793902836e-09 -13.8047333093973) (8.31585878741417e-09 -13.7947333078563)
continue (8.41215189387482e-09 -13.7847333087496) (8.50956002195728e-09 -13.7747333088403) (8.60809608300341e-09 -13.7647333089433)
continue (8.70777313786137e-09 -13.7547333091197) (8.80860439861683e-09 -13.7447333086333) (8.91060323034417e-09 -13.7347333103016)
continue (9.01378315287806e-09 -13.7247333093569) (9.11815784260547e-09 -13.7147333088089) (9.22374113427848e-09 -13.7047333104373)
continue (9.33054702284801e-09 -13.69473331058) (9.43858966531893e-09 -13.6847333107191) (9.54788338262646e-09 -13.67473331096)
continue (9.65844266153445e-09 -13.6647333100223) (9.77028215655556e-09 -13.6547333112409) (9.88341669189371e-09 -13.6447333103419)
continue (9.99786126340903e-09 -13.6347333114416) (1.01136310406055e-08 -13.6247333110129) (1.02307413686417e-08 -13.6147333116161)                                                                    
continue (1.03492077703648e-08 -13.6047333101292) (1.04690459483679e-08 -13.5947333110636) (1.05902717870718e-08 -13.5847333112696)                                                                    
continue (1.07129013548301e-08 -13.5747333112386) (1.08369509060592e-08 -13.564733311204) (1.09624368833927e-08 -13.5547333110699)                                                                     
continue (1.1089375919861e-08 -13.5447333121078) (1.12177848410959e-08 -13.5347333115625) (1.13476806675608e-08 -13.5247333114137)                                                                     
continue (1.14790806168067e-08 -13.5147333129121) (1.16120021057547e-08 -13.5047333114784) (1.17464627530042e-08 -13.4947333119384)                                                                    
continue (1.18824803811682e-08 -13.4847333130888) (1.20200730192361e-08 -13.474733312833) (1.2159258904963e-08 -13.4647333129746)                                                                      
continue (1.23000564872874e-08 -13.4547333125504) (1.24424844287761e-08 -13.4447333126171) (1.25865616080986e-08 -13.4347333129437)                                                                    
continue (1.2732307122529e-08 -13.4247333135344) (1.28797402904773e-08 -13.4147333130117) (1.30288806540503e-08 -13.4047333131141)                                                                     
continue (1.31797479816416e-08 -13.3947333139818) (1.3332362270552e-08 -13.38473331416) (1.34867437496403e-08 -13.3747333149566)                                                                       
continue (1.36429128820043e-08 -13.364733314465) (1.38008903676932e-08 -13.354733314748) (1.39606971464518e-08 -13.3447333145218)                                                                      
continue (1.41223544004955e-08 -13.3347333148005) (1.42858835573181e-08 -13.3247333145726) (1.44513062925324e-08 -13.3147333148911)                                                                    
continue (1.46186445327426e-08 -13.3047333159954) (1.47879204584512e-08 -13.294733315948) (1.49591565069989e-08 -13.2847333159042)                                                                     
continue (1.51323753755384e-08 -13.2747333159743) (1.5307600024043e-08 -13.2647333164741) (1.54848536783503e-08 -13.2547333165648)                                                                     
continue (1.566415983324e-08 -13.2447333167307) (1.58455422555488e-08 -13.2347333161501) (1.60290249873202e-08 -13.2247333175658)                                                                      
continue (1.62146323489917e-08 -13.2147333173453) (1.64023889426179e-08 -13.204733317683) (1.65923196551321e-08 -13.1947333179333)                                                                     
continue (1.67844496616443e-08 -13.1847333181812) (1.69788044287789e-08 -13.1747333179641) (1.71754097180498e-08 -13.1647333184954)                                                                    
continue (1.7374291589275e-08 -13.1547333179801) (1.75754764040312e-08 -13.1447333183783) (1.77789908291476e-08 -13.1347333185058)                                                                     
continue (1.79848618402409e-08 -13.1247333195639) (1.81931167252906e-08 -13.1147333195438) (1.84037830882561e-08 -13.1047333197002)                                                                    
continue (1.86168888527357e-08 -13.094733320079) (1.88324622656676e-08 -13.0847333194996) (1.90505319010742e-08 -13.0747333206739)                                                                     
continue (1.92711266638495e-08 -13.0647333207637) (1.94942757935903e-08 -13.0547333206407) (1.9720008868472e-08 -13.0447333206249)                                                                     
continue (1.99483558091693e-08 -13.0347333214099) (2.01793468828218e-08 -13.0247333210479) (2.04130127070461e-08 -13.0147333217224)                                                                    
continue (2.06493842539941e-08 -13.0047333218506) (2.08884928544584e-08 -12.9947333218293) (2.11303702020248e-08 -12.9847333219873)                                                                    
continue (2.13750483572739e-08 -12.9747333225028) (2.16225597520302e-08 -12.9647333233268) (2.18729371936607e-08 -12.9547333232157)                                                                    
continue (2.21262138694244e-08 -12.9447333232513) (2.23824233508702e-08 -12.9347333240015) (2.26415995982873e-08 -12.9247333237353)                                                                    
continue (2.29037769652067e-08 -12.9147333244467) (2.31689902029542e-08 -12.9047333248044) (2.34372744652574e-08 -12.8947333252612)                                                                    
continue (2.37086653129046e-08 -12.8847333253938) (2.39831987184587e-08 -12.8747333254979) (2.42609110710252e-08 -12.8647333256558)                                                                    
continue (2.45418391810756e-08 -12.8547333264605) (2.48260202853267e-08 -12.8447333265365) (2.5113492051676e-08 -12.8347333264614)                                                                     
continue (2.54042925841947e-08 -12.8247333270304) (2.56984604281786e-08 -12.8147333276354) (2.59960345752565e-08 -12.8047333277637)                                                                    
continue (2.62970544685595e-08 -12.7947333276522) (2.66015600079483e-08 -12.7847333281595) (2.69095915553023e-08 -12.774733328464)                                                                     
continue (2.72211899398695e-08 -12.7647333289478) (2.75363964636783e-08 -12.7547333296233) (2.78552529070119e-08 -12.7447333293656)                                                                    
continue (2.81778015339466e-08 -12.7347333300579) (2.85040850979535e-08 -12.7247333301591) (2.88341468475656e-08 -12.7147333309172)
continue (2.91680305321102e-08 -12.7047333307619) (2.95057804075082e-08 -12.6947333313448) (2.98474412421396e-08 -12.6847333320295)
continue (3.0193058322778e-08 -12.6747333318779) (3.05426774605931e-08 -12.6647333327857) (3.08963449972229e-08 -12.6547333329049)
continue (3.12541078109164e-08 -12.6447333330285) (3.16160133227469e-08 -12.6347333338822) (3.1982109502898e-08 -12.6247333342064)
continue (3.2352444877022e-08 -12.6147333344118) (3.27270685326714e-08 -12.6047333346064) (3.31060301258061e-08 -12.5947333351183)
continue (3.34893798873747e-08 -12.5847333358135) (3.3877168629973e-08 -12.5747333360361) (3.42694477545787e-08 -12.5647333362657)
continue (3.46662692573649e-08 -12.5547333368397) (3.50676857365919e-08 -12.544733337317) (3.54737503995794e-08 -12.5347333375401)
continue (3.58845170697584e-08 -12.5247333380789) (3.63000401938063e-08 -12.5147333384875) (3.6720374848863e-08 -12.5047333388744)
continue (3.71455767498318e-08 -12.4947333397858) (3.75757022567641e-08 -12.4847333400128) (3.801080838233e-08 -12.4747333407228)
continue (3.8450952799375e-08 -12.4647333411699) (3.88961938485649e-08 -12.454733341232) (3.93465905461186e-08 -12.4447333417878)
continue (3.98022025916304e-08 -12.4347333426088) (4.02630903759835e-08 -12.4247333428215) (4.07293149893544e-08 -12.414733343261)
continue (4.12009382293107e-08 -12.4047333439152) (4.1678022609002e-08 -12.3947333443558) (4.2160631365446e-08 -12.3847333450689)
continue (4.26488284679107e-08 -12.3747333454834) (4.31426786263933e-08 -12.3647333457589) (4.36422473001972e-08 -12.3547333466592)
continue (4.4147600706609e-08 -12.3447333472172) (4.46588058296756e-08 -12.3347333478132) (4.51759304290821e-08 -12.3247333482819)
continue (4.56990430491341e-08 -12.3147333487138) (4.62282130278427e-08 -12.3047333493555) (4.67635105061156e-08 -12.2947333496789)
continue (4.73050064370535e-08 -12.2847333504069) (4.78527725953557e-08 -12.2747333509049) (4.8406881586833e-08 -12.2647333515966)
continue (4.89674068580321e-08 -12.254733352221) (4.95344227059706e-08 -12.2447333529706) (5.0108004287985e-08 -12.2347333535994)
continue (5.06882276316926e-08 -12.2247333541345) (5.12751696450692e-08 -12.2147333547749) (5.18689081266429e-08 -12.2047333554198)
continue (5.24695217758064e-08 -12.1947333559727) (5.30770902032482e-08 -12.1847333566244) (5.36916939415053e-08 -12.1747333573868)
continue (5.43134144556375e-08 -12.1647333580181) (5.49423341540256e-08 -12.1547333586636) (5.55785363992943e-08 -12.1447333593966)
continue (5.62221055193621e-08 -12.1347333601371) (5.68731268186188e-08 -12.1247333605749) (5.75316865892325e-08 -12.1147333614579)
continue (5.81978721225875e-08 -12.1047333620934) (5.88717717208545e-08 -12.0947333626705) (5.95534747086954e-08 -12.0847333634679)
continue (6.02430714451029e-08 -12.0747333644387) (6.09406533353774e-08 -12.064733365143) (6.16463128432428e-08 -12.0547333656375)
continue (6.23601435031027e-08 -12.0447333666757) (6.30822399324377e-08 -12.034733367412) (6.38126978443474e-08 -12.0247333681656)
continue (6.45516140602369e-08 -12.0147333687548) (6.52990865226501e-08 -12.0047333696378) (6.60552143082524e-08 -11.9947333706066)
continue (6.68200976409627e-08 -11.9847333713247) (6.75938379052383e-08 -11.9747333721172) (6.83765376595132e-08 -11.9647333729903)
continue (6.91683006497919e-08 -11.9547333738463) (6.99692318234012e-08 -11.9447333746837) (7.07794373429006e-08 -11.9347333755066)
continue (7.15990246001542e-08 -11.9247333765122) (7.24281022305652e-08 -11.9147333774542) (7.32667801274754e-08 -11.9047333781164)
continue (7.41151694567317e-08 -11.8947333790183) (7.49733826714206e-08 -11.8847333799825) (7.58415335267744e-08 -11.8747333808631)
continue (7.67197370952483e-08 -11.8647333819684) (7.76081097817744e-08 -11.8547333829413) (7.85067693391897e-08 -11.844733383958)
continue (7.94158348838454e-08 -11.8347333848732) (8.03354269113947e-08 -11.8247333858835) (8.12656673127648e-08 -11.8147333867006)
continue (8.22066793903132e-08 -11.8047333876835) (8.31585878741716e-08 -11.7947333887748) (8.41215189387785e-08 -11.7847333899045)
continue (8.50956002196034e-08 -11.7747333909052) (8.60809608300651e-08 -11.7647333918867) (8.70777313786451e-08 -11.7547333929108)
continue (8.80860439862e-08 -11.7447333941301) (8.91060323034738e-08 -11.7347333952588) (9.01378315288131e-08 -11.7247333963798)
continue (9.11815784260876e-08 -11.7147333974101) (9.2237411342818e-08 -11.7047333984484) (9.33054702285137e-08 -11.6947333996801)
continue (9.43858966532233e-08 -11.6847334008718) (9.5478833826299e-08 -11.6747334019245) (9.65844266153792e-08 -11.6647334031861)
continue (9.77028215655907e-08 -11.6547334043393) (9.88341669189727e-08 -11.6447334055413) (9.99786126341263e-08 -11.6347334067252)
continue (1.01136310406091e-07 -11.624733408107) (1.02307413686454e-07 -11.6147334093196) (1.03492077703685e-07 -11.6047334104946)
continue (1.04690459483717e-07 -11.594733411775) (1.05902717870756e-07 -11.5847334132293) (1.0712901354834e-07 -11.5747334144049)
continue (1.08369509060631e-07 -11.5647334157165) (1.09624368833967e-07 -11.5547334170626) (1.1089375919865e-07 -11.5447334184748)
continue (1.12177848410999e-07 -11.5347334198507) (1.13476806675648e-07 -11.5247334212205) (1.14790806168109e-07 -11.5147334226547)
continue (1.16120021057589e-07 -11.5047334241763) (1.17464627530084e-07 -11.4947334255111) (1.18824803811725e-07 -11.4847334270077)
continue (1.20200730192405e-07 -11.4747334285399) (1.21592589049674e-07 -11.4647334299311) (1.23000564872918e-07 -11.4547334315078)
continue (1.24424844287806e-07 -11.4447334330427) (1.25865616081032e-07 -11.4347334344773) (1.27323071225336e-07 -11.424733436135)
continue (1.2879740290482e-07 -11.4147334377021) (1.3028880654055e-07 -11.4047334392298) (1.31797479816463e-07 -11.3947334408801)
continue (1.33323622705568e-07 -11.3847334425402) (1.34867437496452e-07 -11.3747334441879) (1.36429128820092e-07 -11.3647334458015)
continue (1.38008903676982e-07 -11.3547334475576) (1.39606971464569e-07 -11.3447334493141) (1.41223544005006e-07 -11.3347334509587)
continue (1.42858835573233e-07 -11.3247334527323) (1.44513062925376e-07 -11.3147334544472) (1.46186445327478e-07 -11.3047334562288)
continue (1.47879204584565e-07 -11.2947334581477) (1.49591565070043e-07 -11.284733459876) (1.51323753755438e-07 -11.2747334617883)
continue (1.53076000240486e-07 -11.2647334636859) (1.54848536783559e-07 -11.2547334655023) (1.56641598332456e-07 -11.2447334674599)
continue (1.58455422555545e-07 -11.2347334694747) (1.6029024987326e-07 -11.2247334713319) (1.62146323489975e-07 -11.2147334733324)
continue (1.64023889426239e-07 -11.204733475343) (1.65923196551381e-07 -11.1947334774433) (1.67844496616504e-07 -11.1847334794782)
continue (1.69788044287851e-07 -11.1747334815624) (1.7175409718056e-07 -11.1647334836377) (1.73742915892812e-07 -11.1547334857355)
continue (1.75754764040375e-07 -11.1447334878863) (1.7778990829154e-07 -11.1347334901444) (1.79848618402474e-07 -11.1247334922832)
continue (1.81931167252972e-07 -11.1147334945868) (1.84037830882628e-07 -11.1047334967785) (1.86168888527424e-07 -11.0947334991231)
continue (1.88324622656744e-07 -11.0847335013761) (1.90505319010811e-07 -11.0747335037543) (1.92711266638564e-07 -11.064733506113)
continue (1.94942757935973e-07 -11.0547335084842) (1.97200088684791e-07 -11.0447335108812) (1.99483558091765e-07 -11.0347335133127)
continue (2.01793468828291e-07 -11.0247335157947) (2.04130127070535e-07 -11.0147335183606) (2.06493842540016e-07 -11.0047335208796)
continue (2.08884928544659e-07 -10.9947335234497) (2.11303702020324e-07 -10.984733526021) (2.13750483572816e-07 -10.9747335285937)
continue (2.16225597520379e-07 -10.9647335312201) (2.18729371936686e-07 -10.9547335339164) (2.21262138694324e-07 -10.9447335366677)
continue (2.23824233508782e-07 -10.9347335394321) (2.26415995982955e-07 -10.9247335421428) (2.29037769652149e-07 -10.9147335449661)
continue (2.31689902029626e-07 -10.9047335477808) (2.34372744652658e-07 -10.894733550693) (2.37086653129131e-07 -10.884733553608)
continue (2.39831987184673e-07 -10.8747335565645) (2.42609110710339e-07 -10.8647335594796) (2.45418391810844e-07 -10.8547335625495)
continue (2.48260202853356e-07 -10.8447335655173) (2.5113492051685e-07 -10.8347335686264) (2.54042925842039e-07 -10.8247335717364)
continue (2.56984604281878e-07 -10.8147335748685) (2.59960345752659e-07 -10.8047335781113) (2.62970544685689e-07 -10.7947335813082)
continue (2.66015600079578e-07 -10.784733584574) (2.6909591555312e-07 -10.7747335878314) (2.72211899398793e-07 -10.764733591167)
continue (2.75363964636882e-07 -10.754733594595) (2.7855252907022e-07 -10.7447335979755) (2.81778015339568e-07 -10.7347336014245)
continue (2.85040850979638e-07 -10.7247336049388) (2.8834146847576e-07 -10.7147336084538) (2.91680305321207e-07 -10.7047336120291)
continue (2.95057804075188e-07 -10.6947336156243) (2.98474412421503e-07 -10.6847336192809) (3.01930583227889e-07 -10.6747336230325)
continue (3.05426774606041e-07 -10.664733626756) (3.08963449972341e-07 -10.6547336305378) (3.12541078109276e-07 -10.6447336343895)
continue (3.16160133227583e-07 -10.6347336382282) (3.19821095029095e-07 -10.6247336421635) (3.23524448770336e-07 -10.6147336460993)
continue (3.27270685326832e-07 -10.6047336501377) (3.3106030125818e-07 -10.5947336541873) (3.34893798873868e-07 -10.5847336582978)
continue (3.38771686299852e-07 -10.5747336624508) (3.4269447754591e-07 -10.56473366665) (3.46662692573774e-07 -10.5547336708905)
continue (3.50676857366046e-07 -10.544733675186) (3.54737503995921e-07 -10.5347336795373) (3.58845170697713e-07 -10.5247336839565)
continue (3.63000401938194e-07 -10.5147336883813) (3.67203748488762e-07 -10.5047336928602) (3.71455767498452e-07 -10.4947336974607)
continue (3.75757022567777e-07 -10.4847337020269) (3.80108083823436e-07 -10.4747337066726) (3.84509527993888e-07 -10.4647337114266)
continue (3.88961938485789e-07 -10.4547337161519) (3.93465905461328e-07 -10.4447337210168) (3.98022025916448e-07 -10.4347337258516)
continue (4.0263090375998e-07 -10.4247337308111) (4.07293149893691e-07 -10.4147337357905) (4.12009382293256e-07 -10.4047337408298)
continue (4.1678022609017e-07 -10.394733745973) (4.21606313654612e-07 -10.3847337511363) (4.26488284679261e-07 -10.374733756351)
continue (4.31426786264088e-07 -10.3647337616263) (4.36422473002129e-07 -10.3547337669996) (4.41476007066249e-07 -10.3447337724053)
continue (4.46588058296916e-07 -10.3347337778582) (4.51759304290983e-07 -10.3247337834065) (4.56990430491505e-07 -10.3147337890023)
continue (4.62282130278594e-07 -10.304733794675) (4.67635105061324e-07 -10.2947338004003) (4.73050064370705e-07 -10.2847338061828)
continue (4.78527725953729e-07 -10.2747338120509) (4.84068815868504e-07 -10.2647338179706) (4.89674068580498e-07 -10.2547338240024)
continue (4.95344227059885e-07 -10.2447338300534) (5.0108004288003e-07 -10.2347338361909) (5.06882276317109e-07 -10.2247338423932)
continue (5.12751696450877e-07 -10.2147338486988) (5.18689081266616e-07 -10.2047338550414) (5.24695217758252e-07 -10.1947338614697)
continue (5.30770902032673e-07 -10.184733867981) (5.36916939415246e-07 -10.1747338745484) (5.43134144556571e-07 -10.164733881217)
continue (5.49423341540453e-07 -10.1547338879431) (5.55785363993143e-07 -10.14473389476) (5.62221055193823e-07 -10.1347339016541)
continue (5.68731268186393e-07 -10.1247339086192) (5.75316865892533e-07 -10.1147339156731) (5.81978721226084e-07 -10.1047339228043)
continue (5.88717717208757e-07 -10.0947339300213) (5.95534747087169e-07 -10.0847339372987) (6.02430714451246e-07 -10.0747339446891)
continue (6.09406533353993e-07 -10.0647339521687) (6.1646312843265e-07 -10.0547339597151) (6.23601435031251e-07 -10.0447339673472)
continue (6.30822399324604e-07 -10.0347339750688) (6.38126978443704e-07 -10.0247339829062) (6.45516140602601e-07 -10.0147339908224)
continue (6.52990865226736e-07 -10.004733998814) (6.60552143082762e-07 -9.99473400691361) (6.68200976409868e-07 -9.98473401510227)
continue (6.75938379052627e-07 -9.97473402337147) (6.83765376595378e-07 -9.96473403175184) (6.91683006498168e-07 -9.95473404022553)
continue (6.99692318234263e-07 -9.94473404881132) (7.07794373429261e-07 -9.93473405747719) (7.159902460018e-07 -9.92473406624909)
continue (7.24281022305912e-07 -9.91473407512233) (7.32667801275017e-07 -9.90473408411141) (7.41151694567583e-07 -9.89473409318996)
continue (7.49733826714476e-07 -9.88473410236429) (7.58415335268017e-07 -9.87473411166353) (7.6719737095276e-07 -9.86473412107847)
continue (7.76081097818023e-07 -9.85473413057922) (7.8506769339218e-07 -9.84473414020538) (7.9415834883874e-07 -9.83473414992757)
continue (8.03354269114236e-07 -9.82473415978508) (8.1265667312794e-07 -9.81473416972438) (8.22066793903428e-07 -9.80473417980463)
continue (8.31585878742016e-07 -9.79473418998826) (8.41215189388088e-07 -9.78473420029368) (8.50956002196341e-07 -9.77473421072969)
continue (8.60809608300961e-07 -9.76473422127888) (8.70777313786765e-07 -9.75473423194848) (8.80860439862317e-07 -9.7447342427503)
continue (8.91060323035059e-07 -9.734734253659) (9.01378315288455e-07 -9.7247342647024) (9.11815784261204e-07 -9.71473427587317)
continue (9.22374113428512e-07 -9.70473428719389) (9.33054702285473e-07 -9.69473429860901) (9.43858966532573e-07 -9.68473431017338)
continue (9.54788338263334e-07 -9.67473432187866) (9.6584426615414e-07 -9.66473433371333) (9.77028215656259e-07 -9.6547343456976)
continue (9.88341669190083e-07 -9.64473435779631) (9.99786126341623e-07 -9.63473437005187) (1.01136310406128e-06 -9.62473438243654)
continue (1.02307413686491e-06 -9.61473439498133) (1.03492077703722e-06 -9.6047344076684) (1.04690459483754e-06 -9.59473442049798)
continue (1.05902717870795e-06 -9.58473443347584) (1.07129013548379e-06 -9.57473444660067) (1.0836950906067e-06 -9.56473445986941)
continue (1.09624368834006e-06 -9.55473447331682) (1.1089375919869e-06 -9.54473448689276) (1.1217784841104e-06 -9.53473450064319)
continue (1.13476806675689e-06 -9.52473451455039) (1.1479080616815e-06 -9.51473452862165) (1.16120021057631e-06 -9.50473454283615)
continue (1.17464627530127e-06 -9.49473455724442) (1.18824803811768e-06 -9.48473457179657) (1.20200730192448e-06 -9.47473458652306)
continue (1.21592589049718e-06 -9.46473460142865) (1.23000564872962e-06 -9.45473461650393) (1.2442484428785e-06 -9.44473463175084)
continue (1.25865616081077e-06 -9.43473464717433) (1.27323071225382e-06 -9.42473466277368) (1.28797402904866e-06 -9.41473467854856)
continue (1.30288806540597e-06 -9.40473469451878) (1.31797479816511e-06 -9.39473471066745) (1.33323622705616e-06 -9.38473472700438)
continue (1.348674374965e-06 -9.37473474353731) (1.36429128820141e-06 -9.36473476024392) (1.38008903677032e-06 -9.35473477715834)
continue (1.39606971464619e-06 -9.34473479426855) (1.41223544005057e-06 -9.33473481157213) (1.42858835573284e-06 -9.32473482907251)
continue (1.44513062925428e-06 -9.31473484678806) (1.46186445327531e-06 -9.30473486470602) (1.47879204584618e-06 -9.29473488281791)
continue (1.49591565070096e-06 -9.28473490115166) (1.51323753755493e-06 -9.27473491969711) (1.53076000240541e-06 -9.26473493845055)
continue (1.54848536783614e-06 -9.25473495743011) (1.56641598332513e-06 -9.24473497662658) (1.58455422555602e-06 -9.23473499604308)
continue (1.60290249873318e-06 -9.22473501568218) (1.62146323490034e-06 -9.21473503554507) (1.64023889426298e-06 -9.20473505564164)
continue (1.6592319655144e-06 -9.19473507597539) (1.67844496616564e-06 -9.18473509655163) (1.69788044287912e-06 -9.17473511734963)
continue (1.71754097180621e-06 -9.16473513839822) (1.73742915892875e-06 -9.15473515968755) (1.75754764040438e-06 -9.14473518121954)
continue (1.77789908291604e-06 -9.13473520300985) (1.79848618402539e-06 -9.12473522504521) (1.81931167253037e-06 -9.11473524733953)
continue (1.84037830882694e-06 -9.10473526988945) (1.86168888527491e-06 -9.0947352927056) (1.88324622656812e-06 -9.08473531577832)
continue (1.90505319010879e-06 -9.07473533912697) (1.92711266638634e-06 -9.06473536274335) (1.94942757936043e-06 -9.05473538662832)
continue (1.97200088684862e-06 -9.0447354107952) (1.99483558091837e-06 -9.03473543524253) (2.01793468828364e-06 -9.0247354599665)
continue (2.04130127070608e-06 -9.01473548498108) (2.0649384254009e-06 -9.00473551027906) (2.08884928544734e-06 -8.99473553587899)
continue (2.113037020204e-06 -8.98473556177536) (2.13750483572893e-06 -8.97473558796439) (2.16225597520457e-06 -8.96473561445816)
continue (2.18729371936765e-06 -8.95473564126089) (2.21262138694403e-06 -8.94473566837243) (2.23824233508863e-06 -8.9347356957993)
continue (2.26415995983036e-06 -8.92473572354668) (2.29037769652231e-06 -8.91473575161) (2.31689902029709e-06 -8.90473577999986)
continue (2.34372744652743e-06 -8.89473580872263) (2.37086653129217e-06 -8.88473583777776) (2.39831987184759e-06 -8.87473586716256)
continue (2.42609110710426e-06 -8.86473589689177) (2.45418391810933e-06 -8.85473592696702) (2.48260202853446e-06 -8.84473595738672)
continue (2.51134920516941e-06 -8.83473598816213) (2.5404292584213e-06 -8.82473601928521) (2.56984604281971e-06 -8.81473605078134)
continue (2.59960345752752e-06 -8.80473608263709) (2.62970544685784e-06 -8.79473611485839) (2.66015600079674e-06 -8.7847361474576)
continue (2.69095915553217e-06 -8.77473618042598) (2.72211899398891e-06 -8.76473621378595) (2.75363964636981e-06 -8.75473624752538)
continue (2.7855252907032e-06 -8.74473628166156) (2.81778015339669e-06 -8.73473631618894) (2.8504085097974e-06 -8.72473635111853)
continue (2.88341468475863e-06 -8.71473638645269) (2.91680305321312e-06 -8.70473642219411) (2.95057804075294e-06 -8.69473645834664)
continue (2.98474412421611e-06 -8.68473649492158) (3.01930583227997e-06 -8.67473653191668) (3.05426774606151e-06 -8.66473656934683)
continue (3.08963449972452e-06 -8.65473660720204) (3.12541078109389e-06 -8.64473664550114) (3.16160133227696e-06 -8.63473668424194)
continue (3.19821095029211e-06 -8.62473672343324) (3.23524448770452e-06 -8.6147367630814) (3.27270685326949e-06 -8.60473680318279)
continue (3.31060301258299e-06 -8.59473684375127) (3.34893798873988e-06 -8.58473688478441) (3.38771686299974e-06 -8.57473692630024)
continue (3.42694477546034e-06 -8.56473696829076) (3.46662692573899e-06 -8.55473701076775) (3.50676857366172e-06 -8.54473705374325)
continue (3.54737503996049e-06 -8.53473709721035) (3.58845170697843e-06 -8.52473714118425) (3.63000401938324e-06 -8.51473718566414)
continue (3.67203748488895e-06 -8.50473723066059) (3.71455767498586e-06 -8.49473727617803) (3.75757022567912e-06 -8.48473732222338)
continue (3.80108083823573e-06 -8.47473736879777) (3.84509527994027e-06 -8.4647374159183) (3.88961938485929e-06 -8.45473746357702)
continue (3.93465905461469e-06 -8.44473751179124) (3.98022025916591e-06 -8.43473756056584) (4.02630903760125e-06 -8.42473760990091)
continue (4.07293149893837e-06 -8.41473765981231) (4.12009382293404e-06 -8.40473771029764) (4.1678022609032e-06 -8.39473776136921)
continue (4.21606313654764e-06 -8.38473781303281) (4.26488284679414e-06 -8.37473786529441) (4.31426786264243e-06 -8.36473791816094)
continue (4.36422473002286e-06 -8.35473797163554) (4.41476007066408e-06 -8.3447380257343) (4.46588058297077e-06 -8.33473808045707)
continue (4.51759304291146e-06 -8.32473813581564) (4.5699043049167e-06 -8.3147381918161) (4.6228213027876e-06 -8.3047382484627)
continue (4.67635105061492e-06 -8.29473830576458) (4.73050064370875e-06 -8.28473836373281) (4.78527725953901e-06 -8.27473842236852)
continue (4.84068815868678e-06 -8.26473848168713) (4.89674068580674e-06 -8.25473854168815) (4.95344227060063e-06 -8.24473860238912)
continue (5.01080042880211e-06 -8.23473866378999) (5.06882276317291e-06 -8.22473872590064) (5.12751696451061e-06 -8.21473878873124)
continue (5.18689081266803e-06 -8.20473885229357) (5.24695217758441e-06 -8.19473891658643) (5.30770902032864e-06 -8.18473898162518)
continue (5.36916939415439e-06 -8.17473904741741) (5.43134144556766e-06 -8.16473911397161) (5.49423341540651e-06 -8.15473918129719)
continue (5.55785363993343e-06 -8.14473924940349) (5.62221055194026e-06 -8.13473931829796) (5.68731268186598e-06 -8.12473938798681)
continue (5.7531686589274e-06 -8.11473945848494) (5.81978721226294e-06 -8.10473952980062) (5.88717717208969e-06 -8.09473960194021)
continue (5.95534747087383e-06 -8.08473967491485) (6.02430714451463e-06 -8.07473974873596) (6.09406533354213e-06 -8.06473982341335)
continue (6.16463128432872e-06 -8.05473989895235) (6.23601435031476e-06 -8.04473997536598) (6.30822399324831e-06 -8.03474005266662)
continue (6.38126978443933e-06 -8.02474013086035) (6.45516140602833e-06 -8.01474020996198) (6.52990865226971e-06 -8.00474028997798)
continue (6.60552143083e-06 -7.99474037091936) (6.68200976410109e-06 -7.98474045280087) (6.7593837905287e-06 -7.97474053562778)
continue (6.83765376595624e-06 -7.96474061941686) (6.91683006498416e-06 -7.95474070417257) (6.99692318234515e-06 -7.94474078991138)
continue (7.07794373429516e-06 -7.93474087664481) (7.15990246002057e-06 -7.92474096437898) (7.24281022306173e-06 -7.9147410531322)
continue (7.32667801275281e-06 -7.90474114291025) (7.4115169456785e-06 -7.89474123372996) (7.49733826714746e-06 -7.88474132560096)
continue (7.58415335268289e-06 -7.87474141853616) (7.67197370953036e-06 -7.8647415125478) (7.76081097818302e-06 -7.8547416076477)
continue (7.85067693392462e-06 -7.84474170384669) (7.94158348839026e-06 -7.83474180116282) (8.03354269114525e-06 -7.82474189960375)
continue (8.12656673128233e-06 -7.81474199918546) (8.22066793903724e-06 -7.80474209992011) (8.31585878742315e-06 -7.79474220182027)
continue (8.41215189388391e-06 -7.78474230490187) (8.50956002196647e-06 -7.77474240917445) (8.60809608301271e-06 -7.76474251465839)
continue (8.70777313787078e-06 -7.75474262136178) (8.80860439862634e-06 -7.74474272930014) (8.9106032303538e-06 -7.73474283848954)
continue (9.0137831528878e-06 -7.72474294894157) (9.1181578426153e-06 -7.71474306067462) (9.2237411342884e-06 -7.7047431737003)
continue (9.33054702285803e-06 -7.69474328803478) (9.43858966532905e-06 -7.68474340369398) (9.54788338263668e-06 -7.67474352069222)
continue (9.65844266154476e-06 -7.66474363904594) (9.77028215656596e-06 -7.65474375876833) (9.88341669190422e-06 -7.64474387987908)
continue (9.99786126341964e-06 -7.63474400239097) (1.01136310406162e-05 -7.62474412632163) (1.02307413686525e-05 -7.61474425168617)
continue (1.03492077703757e-05 -7.60474437850461) (1.04690459483789e-05 -7.59474450679086) (1.0590271787083e-05 -7.58474463656189)
continue (1.07129013548414e-05 -7.57474476783616) (1.08369509060706e-05 -7.56474490062932) (1.09624368834042e-05 -7.55474503496174)
continue (1.10893759198726e-05 -7.54474517084873) (1.12177848411076e-05 -7.53474530830952) (1.13476806675725e-05 -7.52474544736267)
continue (1.14790806168186e-05 -7.51474558802589) (1.16120021057668e-05 -7.50474573031661) (1.17464627530163e-05 -7.49474587425646)
continue (1.18824803811805e-05 -7.48474601986304) (1.20200730192485e-05 -7.47474616715418) (1.21592589049755e-05 -7.46474631615266)
continue (1.23000564873e-05 -7.45474646687519) (1.24424844287888e-05 -7.44474661934488) (1.25865616081115e-05 -7.43474677357844)
continue (1.2732307122542e-05 -7.42474692959794) (1.28797402904904e-05 -7.41474708742406) (1.30288806540635e-05 -7.40474724707781)
continue (1.31797479816549e-05 -7.39474740858118) (1.33323622705655e-05 -7.38474757195384) (1.34867437496539e-05 -7.37474773721919)
continue (1.3642912882018e-05 -7.36474790439761) (1.38008903677071e-05 -7.35474807351189) (1.39606971464658e-05 -7.34474824458435)
continue (1.41223544005096e-05 -7.33474841763735) (1.42858835573324e-05 -7.3247485926954) (1.44513062925468e-05 -7.31474876977956)
continue (1.46186445327571e-05 -7.30474894891451) (1.47879204584659e-05 -7.29474913012357) (1.49591565070137e-05 -7.28474931343097)
continue (1.51323753755533e-05 -7.27474949886173) (1.53076000240581e-05 -7.26474968643917) (1.54848536783655e-05 -7.25474987618929)
continue (1.56641598332554e-05 -7.24475006813513) (1.58455422555643e-05 -7.23475026230528) (1.60290249873359e-05 -7.2247504587226)
continue (1.62146323490075e-05 -7.21475065741559) (1.64023889426339e-05 -7.20475085840899) (1.65923196551482e-05 -7.19475106172928)
continue (1.67844496616606e-05 -7.18475126740427) (1.69788044287954e-05 -7.1747514754605) (1.71754097180664e-05 -7.16475168592669)
continue (1.73742915892917e-05 -7.15475189882928) (1.75754764040481e-05 -7.14475211419723) (1.77789908291647e-05 -7.13475233205892)
continue (1.79848618402581e-05 -7.12475255244382) (1.8193116725308e-05 -7.11475277538079) (1.84037830882737e-05 -7.10475300089983)
continue (1.86168888527534e-05 -7.09475322902957) (1.88324622656855e-05 -7.08475345980019) (1.90505319010923e-05 -7.07475369324412)
continue (1.92711266638677e-05 -7.06475392939067) (1.94942757936087e-05 -7.05475416827203) (1.97200088684906e-05 -7.04475440992)
continue (1.99483558091881e-05 -7.03475465436585) (2.01793468828407e-05 -7.02475490164215) (2.04130127070652e-05 -7.01475515178155)
continue (2.06493842540134e-05 -7.00475540481752) (2.08884928544778e-05 -6.99475566078406) (2.11303702020444e-05 -6.98475591971445)
continue (2.13750483572937e-05 -6.97475618164274) (2.16225597520501e-05 -6.96475644660422) (2.18729371936809e-05 -6.95475671463478)
continue (2.21262138694448e-05 -6.94475698576772) (2.23824233508907e-05 -6.93475726004094) (2.26415995983081e-05 -6.92475753748995)
continue (2.29037769652276e-05 -6.91475781815209) (2.31689902029754e-05 -6.9047581020638) (2.34372744652787e-05 -6.89475838926357)
continue (2.37086653129261e-05 -6.88475867978891) (2.39831987184804e-05 -6.87475897367818) (2.42609110710471e-05 -6.8647592709705)
continue (2.45418391810977e-05 -6.85475957170555) (2.4826020285349e-05 -6.84475987592312) (2.51134920516985e-05 -6.83476018366333)
continue (2.54042925842175e-05 -6.82476049496731) (2.56984604282015e-05 -6.81476080987543) (2.59960345752797e-05 -6.80476112843062)
continue (2.62970544685829e-05 -6.79476145067457) (2.66015600079719e-05 -6.78476177664979) (2.69095915553261e-05 -6.77476210639988)
continue (2.72211899398936e-05 -6.76476243996871) (2.75363964637026e-05 -6.7547627773995) (2.78552529070364e-05 -6.7447631187378)
continue (2.81778015339714e-05 -6.73476346402917) (2.85040850979785e-05 -6.72476381331878) (2.88341468475908e-05 -6.71476416665274)
continue (2.91680305321356e-05 -6.7047645240784) (2.95057804075338e-05 -6.69476488564296) (2.98474412421655e-05 -6.68476525139382)
continue (3.01930583228041e-05 -6.67476562138051) (3.05426774606195e-05 -6.66476599565169) (3.08963449972495e-05 -6.6547663742564)
continue (3.12541078109432e-05 -6.64476675724553) (3.1616013322774e-05 -6.6347671446697) (3.19821095029254e-05 -6.62476753658004)
continue (3.23524448770496e-05 -6.61476793302844) (3.27270685326992e-05 -6.60476833406805) (3.31060301258342e-05 -6.59476873975104)
continue (3.34893798874031e-05 -6.58476915013246) (3.38771686300016e-05 -6.57476956526538) (3.42694477546076e-05 -6.56476998520565)
continue (3.4666269257394e-05 -6.5547704100086) (3.50676857366214e-05 -6.54477083973057) (3.5473750399609e-05 -6.53477127442927)
continue (3.58845170697884e-05 -6.5247717141611) (3.63000401938365e-05 -6.51477215898505) (3.67203748488935e-05 -6.50477260896016)
continue (3.71455767498626e-05 -6.4947730641458) (3.75757022567952e-05 -6.48477352460248) (3.80108083823613e-05 -6.47477399039067)
continue (3.84509527994066e-05 -6.46477446157323) (3.88961938485968e-05 -6.45477493821171) (3.93465905461508e-05 -6.4447754203698)
continue (3.98022025916629e-05 -6.43477590811078) (4.02630903760163e-05 -6.42477640149984) (4.07293149893875e-05 -6.41477690060251)
continue (4.12009382293441e-05 -6.40477740548448) (4.16780226090357e-05 -6.39477791621333) (4.216063136548e-05 -6.38477843285591)
continue (4.2648828467945e-05 -6.3747789554813) (4.31426786264278e-05 -6.36477948415855) (4.36422473002321e-05 -6.35478001895803)
continue (4.41476007066443e-05 -6.34478055994997) (4.46588058297111e-05 -6.33478110720692) (4.51759304291179e-05 -6.3247816608007)
continue (4.56990430491702e-05 -6.31478222080549) (4.62282130278792e-05 -6.30478278729458) (4.67635105061524e-05 -6.29478336034393)
continue (4.73050064370906e-05 -6.28478394002912) (4.78527725953931e-05 -6.27478452642684) (4.84068815868708e-05 -6.26478511961525)
continue (4.89674068580703e-05 -6.25478571967223) (4.95344227060091e-05 -6.24478632667819) (5.01080042880238e-05 -6.23478694071309)
continue (5.06882276317318e-05 -6.22478756185885) (5.12751696451088e-05 -6.21478819019711) (5.18689081266828e-05 -6.20478882581153)
continue (5.24695217758466e-05 -6.19478946878629) (5.30770902032888e-05 -6.18479011920666) (5.36916939415462e-05 -6.1747907771589)
continue (5.43134144556788e-05 -6.16479144273031) (5.49423341540673e-05 -6.15479211600895) (5.55785363993363e-05 -6.14479279708421)
continue (5.62221055194045e-05 -6.13479348604627) (5.68731268186616e-05 -6.12479418298643) (5.75316865892757e-05 -6.11479488799706)
continue (5.81978721226311e-05 -6.10479560117191) (5.88717717208985e-05 -6.09479632260546) (5.95534747087398e-05 -6.08479705239288)
continue (6.02430714451477e-05 -6.0747977906314) (6.09406533354225e-05 -6.0647985374189) (6.16463128432884e-05 -6.05479929285388)
continue (6.23601435031486e-05 -6.04480005703723) (6.3082239932484e-05 -6.03480083006958) (6.38126978443941e-05 -6.02480161205381)
continue (6.4551614060284e-05 -6.01480240309355) (6.52990865226976e-05 -6.00480320329339) (6.60552143083004e-05 -5.99480401275955)
continue (6.68200976410111e-05 -5.98480483159963) (6.75938379052871e-05 -5.97480565992184) (6.83765376595624e-05 -5.96480649783627)
continue (6.91683006498415e-05 -5.95480734545357) (6.99692318234512e-05 -5.94480820288646) (7.07794373429511e-05 -5.9348090702487)
continue (7.15990246002051e-05 -5.92480994765485) (7.24281022306166e-05 -5.91481083522168) (7.32667801275272e-05 -5.90481173306667)
continue (7.4115169456784e-05 -5.89481264130883) (7.49733826714734e-05 -5.88481356006841) (7.58415335268276e-05 -5.87481448946774)
continue (7.6719737095302e-05 -5.86481542962925) (7.76081097818285e-05 -5.8548163806784) (7.85067693392443e-05 -5.84481734274047)
continue (7.94158348839005e-05 -5.83481831594372) (8.03354269114503e-05 -5.82481930041695) (8.12656673128208e-05 -5.81482029629036)
continue (8.22066793903697e-05 -5.80482130369626) (8.31585878742286e-05 -5.7948223227681) (8.4121518938836e-05 -5.78482335364134)
continue (8.50956002196614e-05 -5.7748243964521) (8.60809608301235e-05 -5.76482545133884) (8.70777313787041e-05 -5.75482651844174)
continue (8.80860439862595e-05 -5.74482759790184) (8.91060323035337e-05 -5.73482868986234) (9.01378315288735e-05 -5.72482979446811)
continue (9.11815784261486e-05 -5.71483091186562) (9.22374113428795e-05 -5.70483204220285) (9.33054702285758e-05 -5.69483318562996)
continue (9.43858966532858e-05 -5.6848343422983) (9.54788338263621e-05 -5.6748355123611) (9.65844266154428e-05 -5.66483669597381)
continue (9.77028215656549e-05 -5.6548378932932) (9.88341669190374e-05 -5.64483910447786) (9.99786126341915e-05 -5.63484032968872)
continue (0.000101136310406157 -5.62484156908792) (0.00010230741368652 -5.61484282284004) (0.000103492077703752 -5.60484409111095)
continue (0.000104690459483784 -5.59484537406902) (0.000105902717870824 -5.58484667188448) (0.000107129013548409 -5.57484798472913)
continue (0.0001083695090607 -5.5648493127772) (0.000109624368834036 -5.55485065620476) (0.00011089375919872 -5.54485201518968)
continue (0.00011217784841107 -5.53485338991251) (0.00011347680667572 -5.52485478055546) (0.000114790806168181 -5.5148561873026)
continue (0.000116120021057662 -5.50485761034071) (0.000117464627530158 -5.49485904985838) (0.000118824803811799 -5.48486050604656)
continue (0.000120200730192479 -5.47486197909834) (0.000121592589049749 -5.46486346920887) (0.000123000564872993 -5.4548649765758)
continue (0.000124424844287882 -5.44486650139893) (0.000125865616081108 -5.43486804388049) (0.000127323071225414 -5.42486960422513)
continue (0.000128797402904898 -5.41487118263947) (0.000130288806540629 -5.40487277933295) (0.000131797479816543 -5.3948743945173)
continue (0.000133323622705648 -5.38487602840673) (0.000134867437496532 -5.37487768121765) (0.000136429128820173 -5.3648793531694)
continue (0.000138008903677064 -5.3548810444837) (0.000139606971464651 -5.34488275538469) (0.000141223544005089 -5.3348844860991)
continue (0.000142858835573317 -5.32488623685671) (0.000144513062925461 -5.31488800788959) (0.000146186445327564 -5.30488979943251)
continue (0.000147879204584651 -5.29489161172295) (0.000149591565070129 -5.28489344500134) (0.000151323753755526 -5.27489529951069)
continue (0.000153076000240574 -5.26489717549691) (0.000154848536783648 -5.2548990732088) (0.000156641598332546 -5.24490099289791)
continue (0.000158455422555635 -5.23490293481893) (0.000160290249873351 -5.22490489922917) (0.000162146323490067 -5.21490688638931)
continue (0.000164023889426331 -5.20490889656275) (0.000165923196551474 -5.19491093001607) (0.000167844496616598 -5.18491298701889)
continue (0.000169788044287945 -5.17491506784403) (0.000171754097180655 -5.16491717276735) (0.000173742915892909 -5.15491930206789)
continue (0.000175754764040472 -5.14492145602822) (0.000177789908291638 -5.13492363493377) (0.000179848618402572 -5.12492583907366)
continue (0.000181931167253071 -5.11492806874002) (0.000184037830882728 -5.10493032422859) (0.000186168888527525 -5.09493260583842)
continue (0.000188324622656846 -5.08493491387213) (0.000190505319010913 -5.07493724863584) (0.000192711266638668 -5.06493961043908)
continue (0.000194942757936077 -5.05494199959497) (0.000197200088684896 -5.04494441642051) (0.000199483558091871 -5.03494686123608)
continue (0.000201793468828397 -5.02494933436605) (0.000204130127070642 -5.01495183613822) (0.000206493842540124 -5.00495436688441)
continue (0.000208884928544768 -4.9949569269403) (0.000211303702020434 -4.98495951664537) (0.000213750483572927 -4.97496213634297)
continue (0.000216225597520491 -4.9649647863807) (0.000218729371936798 -4.95496746710988) (0.000221262138694437 -4.94497017888596)
continue (0.000223824233508896 -4.93497292206872) (0.000226415995983069 -4.92497569702191) (0.000229037769652265 -4.91497850411357)
continue (0.000231689902029742 -4.90498134371605) (0.000234372744652776 -4.89498421620578) (0.00023708665312925 -4.88498712196381)
continue (0.000239831987184792 -4.87499006137549) (0.000242609110710459 -4.86499303483078) (0.000245418391810965 -4.85499604272388)
continue (0.000248260202853478 -4.84499908545392) (0.000251134920516973 -4.83500216342424) (0.000254042925842163 -4.82500527704321)
continue (0.000256984604282003 -4.8150084267237) (0.000259960345752784 -4.80501161288358) (0.000262970544685816 -4.7950148359454)
continue (0.000266015600079706 -4.78501809633656) (0.000269095915553248 -4.77502139448956) (0.000272211899398922 -4.76502473084195)
continue (0.000275363964637012 -4.75502810583605) (0.000278552529070351 -4.74503151991975) (0.0002817780153397 -4.73503497354569)
continue (0.000285040850979771 -4.72503846717208) (0.000288341468475894 -4.71504200126226) (0.000291680305321342 -4.70504557628505)
continue (0.000295057804075324 -4.69504919271462) (0.00029847441242164 -4.68505285103064) (0.000301930583228026 -4.67505655171846)
continue (0.00030542677460618 -4.66506029526892) (0.00030896344997248 -4.65506408217858) (0.000312541078109417 -4.64506791294978)
continue (0.000316160133227724 -4.63507178809067) (0.000319821095029238 -4.62507570811527) (0.00032352444877048 -4.61507967354365)
continue (0.000327270685326976 -4.60508368490176) (0.000331060301258325 -4.59508774272182) (0.000334893798874014 -4.58509184754204)
continue (0.0003387716863 -4.57509599990697) (0.000342694477546059 -4.5651002003675) (0.000346662692573923 -4.55510444948082)
continue (0.000350676857366196 -4.54510874781065) (0.000354737503996073 -4.53511309592725) (0.000358845170697866 -4.52511749440737)
continue (0.000363000401938347 -4.51512194383463) (0.000367203748488917 -4.50512644479927) (0.000371455767498608 -4.49513099789843)
continue (0.000375757022567933 -4.4851356037362) (0.000380108083823594 -4.47514026292358) (0.000384509527994047 -4.46514497607877)
continue (0.000388961938485949 -4.45514974382703) (0.000393465905461489 -4.44515456680098) (0.000398022025916609 -4.43515944564048)
continue (0.000402630903760143 -4.42516438099284) (0.000407293149893855 -4.41516937351293) (0.000412009382293421 -4.40517442386312)
continue (0.000416780226090336 -4.39517953271349) (0.000421606313654779 -4.38518470074191) (0.000426488284679429 -4.37518992863415)
continue (0.000431426786264257 -4.36519521708389) (0.000436422473002299 -4.3552005667928) (0.000441476007066421 -4.34520597847071)
continue (0.000446588058297089 -4.33521145283577) (0.000451759304291157 -4.32521699061441) (0.00045699043049168 -4.3152225925414)
continue (0.00046228213027877 -4.30522825936015) (0.000467635105061501 -4.29523399182261) (0.000473050064370883 -4.28523979068953)
continue (0.000478527725953908 -4.2752456567304) (0.000484068815868684 -4.26525159072362) (0.000489674068580679 -4.25525759345679)
continue (0.000495344227060067 -4.24526366572639) (0.000501080042880214 -4.23526980833835) (0.000506882276317293 -4.22527602210785)
continue (0.000512751696451062 -4.21528230785954) (0.000518689081266803 -4.20528866642765) (0.00052469521775844 -4.19529509865603)
continue (0.000530770902032861 -4.18530160539838) (0.000536916939415436 -4.1753081875183) (0.000543134144556761 -4.16531484588936)
continue (0.000549423341540645 -4.15532158139535) (0.000555785363993336 -4.14532839493019) (0.000562221055194018 -4.13533528739828)
continue (0.000568731268186589 -4.12534225971447) (0.000575316865892729 -4.11534931280416) (0.000581978721226282 -4.10535644760362)
continue (0.000588717717208956 -4.09536366505987) (0.000595534747087369 -4.08537096613097) (0.000602430714451447 -4.07537835178608)
continue (0.000609406533354195 -4.06538582300559) (0.000616463128432853 -4.05539338078131) (0.000623601435031455 -4.04540102611647)
continue (0.000630822399324809 -4.03540876002605) (0.00063812697844391 -4.02541658353677) (0.000645516140602808 -4.01542449768721)
continue (0.000652990865226945 -4.00543250352805) (0.000660552143082971 -3.99544060212215) (0.000668200976410078 -3.98544879454472)
continue (0.000675938379052838 -3.97545708188342) (0.00068376537659559 -3.96546546523856) (0.000691683006498381 -3.95547394572317)
continue (0.000699692318234478 -3.94548252446329) (0.000707794373429476 -3.93549120259795) (0.000715990246002016 -3.92549998127941)
continue (0.00072428102230613 -3.9155088616733) (0.000732667801275236 -3.90551784495886) (0.000741151694567803 -3.89552693232888)
continue (0.000749733826714697 -3.88553612499009) (0.000758415335268238 -3.87554542416322) (0.000767197370952982 -3.86555483108314)
continue (0.000776081097818247 -3.85556434699909) (0.000785067693392405 -3.84557397317476) (0.000794158348838966 -3.83558371088856)
continue (0.000803354269114463 -3.82559356143373) (0.000812656673128168 -3.8156035261185) (0.000822066793903657 -3.80561360626634)
continue (0.000831585878742245 -3.79562380321602) (0.000841215189388318 -3.7856341183219) (0.000850956002196572 -3.77564455295406)
continue (0.000860809608301193 -3.76565510849847) (0.000870777313786998 -3.75566578635721) (0.000880860439862552 -3.74567658794864)
continue (0.000891060323035294 -3.73568751470758) (0.000901378315288691 -3.72569856808552) (0.000911815784261441 -3.71570974955083)
continue (0.000922374113428749 -3.70572106058889) (0.000933054702285712 -3.69573250270235) (0.000943858966532812 -3.68574407741131)
continue (0.000954788338263574 -3.67575578625357) (0.000965844266154381 -3.6657676307847) (0.000977028215656501 -3.65577961257845)
continue (0.000988341669190325 -3.64579173322674) (0.000999786126341866 -3.63580399434006) (0.00101136310406152 -3.62581639754762)
continue (0.00102307413686515 -3.61582894449746) (0.00103492077703747 -3.60584163685687) (0.00104690459483779 -3.59585447631247)
continue (0.00105902717870819 -3.58586746457046) (0.00107129013548403 -3.57588060335689) (0.00108369509060695 -3.56589389441789)
continue (0.00109624368834031 -3.55590733951983) (0.00110893759198715 -3.54592094044962) (0.00112177848411065 -3.53593469901493)
continue (0.00113476806675714 -3.5259486170445) (0.00114790806168175 -3.51596269638823) (0.00116120021057656 -3.50597693891759)
continue (0.00117464627530152 -3.49599134652578) (0.00118824803811793 -3.48600592112799) (0.00120200730192473 -3.47602066466171)
continue (0.00121592589049743 -3.46603557908692) (0.00123000564872987 -3.45605066638639) (0.00124424844287876 -3.44606592856596)
continue (0.00125865616081102 -3.43608136765475) (0.00127323071225407 -3.42609698570554) (0.00128797402904892 -3.41611278479491)
continue (0.00130288806540623 -3.40612876702363) (0.00131797479816536 -3.3961449345169) (0.00133323622705642 -3.38616128942459)
continue (0.00134867437496526 -3.3761778339216) (0.00136429128820167 -3.36619457020814) (0.00138008903677057 -3.35621150051)
continue (0.00139606971464645 -3.34622862707885) (0.00141223544005082 -3.33624595219255) (0.0014285883557331 -3.32626347815546)
continue (0.00144513062925453 -3.31628120729878) (0.00146186445327557 -3.30629914198077) (0.00147879204584644 -3.29631728458718)
continue (0.00149591565070122 -3.28633563753149) (0.00151323753755518 -3.27635420325526) (0.00153076000240566 -3.26637298422849)
continue (0.0015484853678364 -3.2563919829499) (0.00156641598332539 -3.2464112019473) (0.00158455422555628 -3.23643064377789)
continue (0.00160290249873343 -3.22645031102869) (0.00162146323490059 -3.21647020631679) (0.00164023889426323 -3.20649033228975)
continue (0.00165923196551466 -3.19651069162596) (0.0016784449661659 -3.18653128703498) (0.00169788044287937 -3.17655212125793)
continue (0.00171754097180647 -3.16657319706785) (0.001737429158929 -3.15659451727004) (0.00175754764040463 -3.14661608470249)
continue (0.00177789908291629 -3.13663790223624) (0.00179848618402564 -3.12665997277576) (0.00181931167253062 -3.11668229925935)
continue (0.00184037830882719 -3.10670488465955) (0.00186168888527516 -3.0967277319835) (0.00188324622656837 -3.0867508442734)
continue (0.00190505319010904 -3.07677422460687) (0.00192711266638658 -3.06679787609738) (0.00194942757936067 -3.0568218018947)
continue (0.00197200088684887 -3.04684600518531) (0.00199483558091861 -3.0368704891928) (0.00201793468828388 -3.02689525717834)
continue (0.00204130127070632 -3.01692031244111) (0.00206493842540114 -3.00694565831874) (0.00208884928544758 -2.99697129818779)
continue (0.00211303702020424 -2.98699723546415) (0.00213750483572916 -2.97702347360355) (0.0021622559752048 -2.96705001610202)
continue (0.00218729371936788 -2.95707686649635) (0.00221262138694426 -2.94710402836458) (0.00223824233508885 -2.93713150532647)
continue (0.00226415995983058 -2.927159301044) (0.00229037769652253 -2.91718741922189) (0.00231689902029731 -2.90721586360803)
continue (0.00234372744652764 -2.89724463799406) (0.00237086653129238 -2.88727374621588) (0.0023983198718478 -2.87730319215412)
continue (0.00242609110710447 -2.86733297973471) (0.00245418391810953 -2.85736311292938) (0.00248260202853466 -2.84739359575624)
continue (0.00251134920516961 -2.83742443228028) (0.0025404292584215 -2.82745562661395) (0.0025698460428199 -2.81748718291773)
continue (0.00259960345752771 -2.80751910540066) (0.00262970544685803 -2.79755139832093) (0.00266015600079693 -2.78758406598646)
continue (0.00269095915553235 -2.77761711275547) (0.00272211899398909 -2.76765054303712) (0.00275363964636999 -2.75768436129204)
continue (0.00278552529070337 -2.74771857203299) (0.00281778015339686 -2.73775317982546) (0.00285040850979757 -2.72778818928828)
continue (0.00288341468475879 -2.71782360509424) (0.00291680305321328 -2.70785943197079) (0.00295057804075309 -2.6978956747006)
continue (0.00298474412421625 -2.68793233812225) (0.00301930583228011 -2.67796942713091) (0.00305426774606165 -2.66800694667898)
continue (0.00308963449972465 -2.65804490177676) (0.00312541078109402 -2.64808329749317) (0.00316160133227709 -2.63812213895639)
continue (0.00319821095029222 -2.62816143135461) (0.00323524448770464 -2.6182011799367) (0.0032727068532696 -2.60824139001298)
continue (0.00331060301258309 -2.59828206695587) (0.00334893798873998 -2.58832321620069) (0.00338771686299983 -2.57836484324636)
continue (0.00342694477546042 -2.56840695365621) (0.00346662692573906 -2.55844955305865) (0.00350676857366179 -2.54849264714805)
continue (0.00354737503996056 -2.53853624168541) (0.00358845170697848 -2.52858034249925) (0.0036300040193833 -2.51862495548634)
continue (0.00367203748488899 -2.50867008661253) (0.00371455767498589 -2.49871574191358) (0.00375757022567915 -2.48876192749597)
continue (0.00380108083823575 -2.47880864953777) (0.00384509527994028 -2.46885591428943) (0.0038896193848593 -2.4589037280747)
continue (0.00393465905461469 -2.44895209729147) (0.0039802202591659 -2.43900102841267) (0.00402630903760123 -2.4290505279871)
continue (0.00407293149893835 -2.41910060264043) (0.004120093822934 -2.40915125907602) (0.00416780226090316 -2.3992025040759)
continue (0.00421606313654759 -2.38925434450169) (0.00426488284679408 -2.37930678729554) (0.00431426786264236 -2.36935983948108)
continue (0.00436422473002278 -2.35941350816442) (0.00441476007066399 -2.3494678005351) (0.00446588058297067 -2.3395227238671)
continue (0.00451759304291135 -2.32957828551983) (0.00456990430491657 -2.31963449293917) (0.00462282130278747 -2.30969135365848)
continue (0.00467635105061478 -2.29974887529966) (0.0047305006437086 -2.28980706557419) (0.00478527725953884 -2.2798659322842)
continue (0.0048406881586866 -2.26992548332356) (0.00489674068580655 -2.25998572667897) (0.00495344227060043 -2.25004667043107)
continue (0.00501080042880189 -2.24010832275556) (0.00506882276317268 -2.23017069192432) (0.00512751696451037 -2.22023378630661)
continue (0.00518689081266777 -2.21029761437016) (0.00524695217758414 -2.20036218468241) (0.00530770902032835 -2.19042750591166)
continue (0.0053691693941541 -2.18049358682832) (0.00543134144556735 -2.17056043630609) (0.00549423341540618 -2.16062806332322)
continue (0.00555785363993309 -2.15069647696376) (0.0056222105519399 -2.14076568641882) (0.00568731268186561 -2.13083570098785)
continue (0.00575316865892701 -2.12090653007997) (0.00581978721226253 -2.11097818321524) (0.00588717717208927 -2.10105067002603)
continue (0.00595534747087339 -2.09112400025835) (0.00602430714451417 -2.0811981837732) (0.00609406533354165 -2.071273230548)
continue (0.00616463128432823 -2.06134915067795) (0.00623601435031425 -2.05142595437743) (0.00630822399324778 -2.04150365198149)
continue (0.00638126978443879 -2.03158225394726) (0.00645516140602777 -2.02166177085543) (0.00652990865226913 -2.01174221341173)
continue (0.00660552143082939 -2.00182359244848) (0.00668200976410046 -1.99190591892605) (0.00675938379052805 -1.98198920393444)
continue (0.00683765376595557 -1.97207345869486) (0.00691683006498347 -1.96215869456128) (0.00699692318234444 -1.95224492302206)
continue (0.00707794373429442 -1.94233215570154) (0.00715990246001981 -1.93242040436174) (0.00724281022306095 -1.92250968090396)
continue (0.007326678012752 -1.91259999737052) (0.00741151694567767 -1.90269136594644) (0.0074973382671466 -1.89278379896115)
continue (0.00758415335268201 -1.8828773088903) (0.00767197370952945 -1.87297190835746) (0.00776081097818209 -1.86306761013598)
continue (0.00785067693392366 -1.85316442715074) (0.00794158348838927 -1.84326237248006) (0.00803354269114424 -1.83336145935752)
continue (0.00812656673128128 -1.82346170117384) (0.00822066793903616 -1.81356311147884) (0.00831585878742204 -1.80366570398332)
continue (0.00841215189388277 -1.79376949256105) (0.0085095600219653 -1.78387449125075) (0.00860809608301151 -1.7739807142581)
continue (0.00870777313786955 -1.76408817595778) (0.00880860439862508 -1.7541968908955) (0.0089106032303525 -1.74430687379015)
continue (0.00901378315288647 -1.73441813953586) (0.00911815784261396 -1.72453070320416) (0.00922374113428704 -1.71464458004614)
continue (0.00933054702285666 -1.70475978549468) (0.00943858966532766 -1.69487633516664) (0.00954788338263527 -1.68499424486511)
continue (0.00965844266154334 -1.67511353058174) (0.00977028215656453 -1.66523420849899) (0.00988341669190277 -1.65535629499252)
continue (0.00999786126341817 -1.64547980663352) (0.0101136310406147 -1.63560476019117) (0.010230741368651 -1.625731172635)
continue (0.0103492077703742 -1.61585906113743) (0.0104690459483774 -1.60598844307621) (0.0105902717870814 -1.59611933603698)
continue (0.0107129013548398 -1.58625175781581) (0.010836950906069 -1.57638572642182) (0.0109624368834026 -1.5665212600798)
continue (0.0110893759198709 -1.55665837723284) (0.0112177848411059 -1.54679709654511) (0.0113476806675709 -1.5369374369045)
continue (0.0114790806168169 -1.52707941742544) (0.0116120021057651 -1.5172230574517) (0.0117464627530146 -1.50736837655923)
continue (0.0118824803811787 -1.49751539455903) (0.0120200730192467 -1.48766413150008) (0.0121592589049737 -1.47781460767227)
continue (0.0123000564872981 -1.46796684360944) (0.012442484428787 -1.45812086009237) (0.0125865616081096 -1.44827667815186)
continue (0.0127323071225401 -1.43843431907188) (0.0128797402904885 -1.42859380439267) (0.0130288806540616 -1.41875515591398)
continue (0.013179747981653 -1.4089183956983) (0.0133323622705635 -1.39908354607411) (0.0134867437496519 -1.38925062963927)
continue (0.013642912882016 -1.37941966926432) (0.0138008903677051 -1.36959068809594) (0.0139606971464638 -1.35976370956041)
continue (0.0141223544005075 -1.34993875736707) (0.0142858835573303 -1.34011585551194) (0.0144513062925446 -1.33029502828128)
continue (0.0146186445327549 -1.32047630025523) (0.0147879204584637 -1.31065969631155) (0.0149591565070115 -1.30084524162932)
continue (0.0151323753755511 -1.29103296169279) (0.0153076000240559 -1.28122288229516) (0.0154848536783633 -1.27141502954257)
continue (0.0156641598332531 -1.26160942985798) (0.015845542255562 -1.25180610998519) (0.0160290249873335 -1.24200509699294)
continue (0.0162146323490051 -1.23220641827899) (0.0164023889426315 -1.22241010157431) (0.0165923196551458 -1.2126161749473)
continue (0.0167844496616581 -1.20282466680809) (0.0169788044287929 -1.19303560591287) (0.0171754097180638 -1.18324902136829)
continue (0.0173742915892892 -1.17346494263596) (0.0175754764040455 -1.16368339953694) (0.017778990829162 -1.15390442225635)
continue (0.0179848618402555 -1.14412804134799) (0.0181931167253053 -1.1343542877391) (0.018403783088271 -1.12458319273512)
continue (0.0186168888527507 -1.11481478802452) (0.0188324622656827 -1.10504910568375) (0.0190505319010895 -1.09528617818216)
continue (0.0192711266638649 -1.08552603838714) (0.0194942757936058 -1.07576871956914) (0.0197200088684877 -1.06601425540696)
continue (0.0199483558091851 -1.05626267999292) (0.0201793468828378 -1.04651402783826) (0.0204130127070622 -1.03676833387855)
continue (0.0206493842540104 -1.02702563347914) (0.0208884928544747 -1.01728596244075) (0.0211303702020413 -1.00754935700512)
continue (0.0213750483572906 -0.99781585386069) (0.021622559752047 -0.988085490148461) (0.0218729371936777 -0.978358303467836)
continue (0.0221262138694415 -0.968634331882601) (0.0223824233508874 -0.958913613926972) (0.0226415995983047 -0.949196188611743)
continue (0.0229037769652242 -0.939482095430492) (0.0231689902029719 -0.929771374365912) (0.0234372744652753 -0.920064065896198)
continue (0.0237086653129226 -0.910360211001552) (0.0239831987184769 -0.90065985117076) (0.0242609110710435 -0.89096302840788)
continue (0.0245418391810941 -0.881269785239012) (0.0248260202853454 -0.871580164719176) (0.0251134920516948 -0.861894210439281)
continue (0.0254042925842138 -0.852211966533198) (0.0256984604281977 -0.842533477684934) (0.0259960345752758 -0.832858789135913)
continue (0.026297054468579 -0.823187946692355) (0.026601560007968 -0.813520996732768) (0.0269095915553222 -0.803857986215545)
continue (0.0272211899398896 -0.794198962686682) (0.0275363964636985 -0.784543974287586) (0.0278552529070323 -0.774893069763021)
continue (0.0281778015339672 -0.765246298469159) (0.0285040850979743 -0.755603710381741) (0.0288341468475865 -0.74596535610438)
continue (0.0291680305321313 -0.736331286876959) (0.0295057804075295 -0.726701554584176) (0.0298474412421611 -0.717076211764199)
continue (0.0301930583227997 -0.707455311617457) (0.030542677460615 -0.697838908015556) (0.030896344997245 -0.688227055510333)
continue (0.0312541078109386 -0.678619809343041) (0.0316160133227693 -0.669017225453667) (0.0319821095029207 -0.659419360490397)
continue (0.0323524448770448 -0.649826271819211) (0.0327270685326944 -0.640238017533637) (0.0331060301258293 -0.630654656464635)
continue (0.0334893798873981 -0.621076248190638) (0.0338771686299966 -0.611502853047745) (0.0342694477546025 -0.601934532140059)
continue (0.0346662692573889 -0.592371347350193) (0.0350676857366162 -0.582813361349921) (0.0354737503996038 -0.573260637611003)
continue (0.0358845170697831 -0.563713240416166) (0.0363000401938312 -0.554171234870252) (0.0367203748488881 -0.544634686911541)
continue (0.0371455767498571 -0.535103663323241) (0.0375757022567896 -0.525578231745157) (0.0380108083823557 -0.516058460685534)
continue (0.0384509527994009 -0.506544419533085) (0.0388961938485911 -0.497036178569206) (0.039346590546145 -0.487533808980371)
continue (0.039802202591657 -0.478037382870728) (0.0402630903760103 -0.468546973274876) (0.0407293149893815 -0.459062654170852)
continue (0.041200938229338 -0.449584500493315) (0.0416780226090295 -0.440112588146933) (0.0421606313654738 -0.430646994019974)
continue (0.0426488284679387 -0.421187795998117) (0.0431426786264215 -0.411735072978477) (0.0436422473002256 -0.402288904883839)
continue (0.0441476007066378 -0.392849372677128) (0.0446588058297045 -0.383416558376098) (0.0451759304291113 -0.373990545068249)
continue (0.0456990430491635 -0.364571416925991) (0.0462282130278724 -0.355159259222032) (0.0467635105061455 -0.345754158345017)
continue (0.0473050064370837 -0.336356201815413) (0.0478527725953861 -0.326965478301647) (0.0484068815868637 -0.317582077636492)
continue (0.0489674068580631 -0.308206090833728) (0.0495344227060018 -0.298837610105053) (0.0501080042880165 -0.289476728877269)
continue (0.0506882276317243 -0.28012354180975) (0.0512751696451012 -0.270778144812176) (0.0518689081266752 -0.261440635062562)
continue (0.0524695217758389 -0.252111111025571) (0.0530770902032809 -0.24278967247112) (0.0536916939415383 -0.233476420493292)
continue (0.0543134144556708 -0.224171457529548) (0.0549423341540592 -0.214874887380246) (0.0555785363993281 -0.205586815228488)
continue (0.0562221055193963 -0.196307347660271) (0.0568731268186533 -0.187036592684986) (0.0575316865892673 -0.177774659756226)
continue (0.0581978721226225 -0.168521659792957) (0.0588717717208898 -0.159277705201017) (0.059553474708731 -0.150042909894973)
continue (0.0602430714451388 -0.140817389320334) (0.0609406533354135 -0.131601260476133) (0.0616463128432793 -0.122394641937866)
continue (0.0623601435031394 -0.113197653880825) (0.0630822399324747 -0.104010418103805) (0.0638126978443847 -0.0948330580531984)
continue (0.0645516140602745 -0.085665698847499) (0.065299086522688 -0.0765084673022011) (0.0660552143082907 -0.0673614919551119)
continue (0.0668200976410013 -0.0582249030920891) (0.0675938379052772 -0.0490988327731985) (0.0683765376595523 -0.0399834148593122)
continue (0.0691683006498313 -0.0308787850391452) (0.0699692318234409 -0.0217850808567455) (0.0707794373429407 -0.0127024417394413)
continue (0.0715990246001946 -0.00363100902625582) (0.0724281022306059 0.00542907400320208) (0.0732667801275164 0.0144776620993645)
continue (0.074115169456773 0.0235146080128378) (0.0749733826714623 0.0325397624640333) (0.0758415335268164 0.0415529741122889)
continue (0.0767197370952907 0.0505540895244714) (0.0776081097818171 0.0595429531430465) (0.0785067693392328 0.0685194072536131)
continue (0.0794158348838888 0.0774832919518894) (0.0803354269114384 0.086434445110138) (0.0812656673128088 0.0953727023430248)
continue (0.0822066793903576 0.1042978969729) (0.0831585878742164 0.113209859994488) (0.0841215189388236 0.12210842003898)
continue (0.0850956002196489 0.130993403337512) (0.0860809608301109 0.139864633684031) (0.0870777313786912 0.148721932397517)
continue (0.0880860439862465 0.157565118283572) (0.0891060323035206 0.166394007595343) (0.0901378315288602 0.175208413993792)
continue (0.0911815784261351 0.184008148507273) (0.0922374113428659 0.192793019490427) (0.093305470228562 0.201562832582372)
continue (0.0943858966532719 0.210317390664176) (0.095478833826348 0.219056493815604) (0.0965844266154286 0.22777993927112)
continue (0.0977028215656405 0.236487521375136) (0.0988341669190228 0.2451790315365) (0.0999786126341768 0.253854258182187)
continue (0.101136310406142 0.262512986710216) (0.102307413686505 0.271154999441738) (0.103492077703737 0.279780075572313)
continue (0.104690459483769 0.288387991122348) (0.105902717870809 0.296978518886675) (0.107129013548393 0.305551428383274)
continue (0.108369509060684 0.314106485801106) (0.10962436883402 0.322643453947046) (0.110893759198704 0.331162092191915)
continue (0.112177848411054 0.339662156415568) (0.113476806675703 0.34814339895105) (0.114790806168164 0.356605568527786)
continue (0.116120021057645 0.365048410213791) (0.11746462753014 0.373471665356895) (0.118824803811782 0.381875071524946)
continue (0.120200730192461 0.390258362444996) (0.121592589049731 0.398621267941434) (0.123000564872975 0.406963513873062)
continue (0.124424844287864 0.415284822069086) (0.12586561608109 0.423584910264017) (0.127323071225395 0.431863492031442)
continue (0.128797402904879 0.440120276716676) (0.13028880654061 0.44835496936825) (0.131797479816524 0.456567270668231)
continue (0.133323622705629 0.464756876861351) (0.134867437496513 0.472923479682924) (0.136429128820153 0.481066766285539)
continue (0.138008903677044 0.489186419164493) (0.139606971464631 0.497282116081968) (0.141223544005069 0.505353529989913)
continue (0.142858835573296 0.513400328951614) (0.144513062925439 0.52142217606194) (0.146186445327542 0.52941872936624)
continue (0.14787920458463 0.537389641777865) (0.149591565070107 0.545334560994304) (0.151323753755503 0.553253129411907)
continue (0.153076000240551 0.561144984039172) (0.154848536783625 0.569009756408582) (0.156641598332523 0.576847072486969)
continue (0.158455422555612 0.584656552584375) (0.160290249873327 0.592437811261401) (0.162146323490043 0.600190457235017)
continue (0.164023889426307 0.607914093282806) (0.16592319655145 0.61560831614563) (0.167844496616573 0.623272716428697)
continue (0.16978804428792 0.630906878500991) (0.17175409718063 0.638510380393065) (0.173742915892883 0.646082793693163)
continue (0.175754764040446 0.653623683441652) (0.177789908291612 0.661132608023737) (0.179848618402546 0.668609119060457)
continue (0.181931167253044 0.676052761297913) (0.184037830882701 0.683463072494728) (0.186168888527498 0.69083958330771)
continue (0.188324622656818 0.6981818171757) (0.190505319010885 0.705489290201577) (0.192711266638639 0.712761511032413)
continue (0.194942757936048 0.719997980737744) (0.197200088684867 0.727198192685947) (0.199483558091842 0.7343616324187)
continue (0.201793468828368 0.741487777523502) (0.204130127070612 0.748576097504244) (0.206493842540093 0.755626053649804)
continue (0.208884928544737 0.762637098900651) (0.211303702020403 0.769608677713441) (0.213750483572895 0.776540225923588)
continue (0.216225597520459 0.783431170605795) (0.218729371936766 0.790280929932529) (0.221262138694404 0.797088913030419)
continue (0.223824233508863 0.803854519834576) (0.226415995983036 0.81057714094081) (0.229037769652231 0.817256157455731)
continue (0.231689902029708 0.823890940844737) (0.234372744652741 0.830480852777858) (0.237086653129215 0.837025244973459)
continue (0.239831987184757 0.843523459039791) (0.242609110710423 0.849974826314381) (0.245418391810929 0.856378667701252)
continue (0.248260202853442 0.862734293505973) (0.251134920516936 0.869041003268533) (0.254042925842125 0.875298085594026)
continue (0.256984604281965 0.881504817981168) (0.259960345752746 0.887660466648621) (0.262970544685777 0.893764286359143)
continue (0.266015600079667 0.899815520241557) (0.269095915553208 0.90581339961055) (0.272211899398882 0.911757143784302)
continue (0.275363964636972 0.917645959899964) (0.27855252907031 0.923479042726976) (0.281778015339658 0.92925557447826)
continue (0.285040850979729 0.934974724619282) (0.288341468475851 0.940635649675009) (0.291680305321299 0.946237493034781)
continue (0.29505780407528 0.951779384755106) (0.298474412421596 0.957260441360415) (0.301930583227982 0.962679765641793)
continue (0.305426774606135 0.96803644645371) (0.308963449972435 0.973329558508796) (0.312541078109371 0.978558162170673)
continue (0.316160133227678 0.983721303244894) (0.319821095029191 0.988818012768016) (0.323524448770432 0.993847306794855)
continue (0.327270685326928 0.998808186183958) (0.331060301258277 1.00369963638134) (0.334893798873965 1.00852062720255)
continue (0.33877168629995 1.01327011261307) (0.342694477546009 1.01794703050716) (0.346662692573872 1.02255030248521)
continue (0.350676857366145 1.02707883362951) (0.354737503996021 1.0315315122788) (0.358845170697813 1.03590720980132)
continue (0.363000401938294 1.04020478036667) (0.367203748488863 1.04442306071652) (0.371455767498553 1.04856086993409)
continue (0.375757022567878 1.05261700921268) (0.380108083823538 1.05659026162325) (0.384509527993991 1.06047939188104)
continue (0.388961938485892 1.06428314611149) (0.393465905461431 1.06800025161544) (0.398022025916551 1.0716294166337)
continue (0.402630903760084 1.07516933011116) (0.407293149893795 1.07861866146046) (0.41200938229336 1.08197606032536)
continue (0.416780226090275 1.08524015634392) (0.421606313654717 1.08840955891158) (0.426488284679367 1.09148285694425)
continue (0.431426786264194 1.09445861864151) (0.436422473002235 1.09733539125012) (0.441476007066356 1.10011170082774)
continue (0.446588058297023 1.10278605200725) (0.45175930429109 1.10535692776164) (0.456990430491613 1.10782278916949)
continue (0.462282130278702 1.11018207518141) (0.467635105061432 1.11243320238735) (0.473050064370814 1.11457456478499)
continue (0.478527725953837 1.11660453354928) (0.484068815868613 1.11852145680339) (0.489674068580607 1.12032365939091)
continue (0.495344227059994 1.12200944264976) (0.50108004288014 1.12357708418765) (0.506882276317218 1.12502483765935)
continue (0.512751696450987 1.12635093254585) (0.518689081266726 1.12755357393551) (0.524695217758363 1.12863094230727)
continue (0.530770902032783 1.12958119331618) (0.536916939415357 1.13040245758108) (0.543134144556682 1.13109284047483)
continue (0.549423341540565 1.1316504219169) (0.555785363993254 1.13207325616863) (0.562221055193935 1.13235937163112)
continue (0.568731268186505 1.13250677064578) (0.575316865892644 1.13251342929776) (0.581978721226196 1.13237729722217)
continue (0.588717717208869 1.13209629741317) (0.595534747087281 1.13166832603608) (0.602430714451358 1.13109125224233)
continue (0.609406533354106 1.1303629179875) (0.616463128432763 1.12948113785224) (0.623601435031363 1.12844369886629)
continue (0.630822399324716 1.12724836033537) (0.638126978443816 1.12589285367104) (0.645516140602713 1.12437488222353)
continue (0.652990865226848 1.12269212111732) (0.660552143082874 1.12084221708954) (0.66820097640998 1.11882278833111)
continue (0.675938379052739 1.11663142433047) (0.68376537659549 1.11426568571972) (0.691683006498279 1.11172310412328)
continue (0.699692318234375 1.10900118200866) (0.707794373429372 1.10609739253932) (0.715990246001911 1.10300917942948)
continue (0.724281022306024 1.09973395680054) (0.732667801275128 1.0962691090391) (0.741151694567694 1.09261199065618)
continue (0.749733826714587 1.08875992614747) (0.758415335268127 1.0847102098544) (0.767197370952869 1.08046010582565)
continue (0.776081097818132 1.07600684767896) (0.785067693392289 1.07134763846272) (0.794158348838849 1.06647965051727)
continue (0.803354269114345 1.06140002533531) (0.812656673128048 1.05610587342136) (0.822066793903536 1.0505942741496)
continue (0.831585878742123 1.04486227561993) (0.841215189388195 1.03890689451182) (0.850956002196447 1.03272511593541)
continue (0.860809608301066 1.02631389327964) (0.87077731378687 1.01967014805682) (0.880860439862422 1.01279076974333)
continue (0.891060323035163 1.00567261561593) (0.901378315288558 0.998312510583205) (0.911815784261307 0.990707247011797)
continue (0.922374113428613 0.982853584546872) (0.933054702285574 0.974748249926384) (0.943858966532673 0.966387936788661)
continue (0.954788338263433 0.957769305472878) (0.965844266154239 0.948888982811905) (0.977028215656357 0.939743561917106)
continue (0.98834166919018 0.930329601954603) (0.999786126341719 0.92064362791257) (1.01136310406137 0.512742121687052)
continue (1.023074136865 0.502501556518119) (1.03492077703731 0.491978344695343) (1.04690459483764 0.481168871972939)
continue (1.05902717870804 0.470069488613607) (1.07129013548387 0.458676509092903) (1.08369509060679 0.446986211791735)
continue (1.09624368834015 0.434994838676614) (1.10893759198699 0.422698594967333) (1.12177848411048 0.410093648791759)
continue (1.13476806675698 0.397176130827416) (1.14790806168158 0.383942133929614) (1.16120021057639 0.370387712745841)
continue (1.17464627530134 0.356508883316213) (1.18824803811776 0.342301622659751) (1.20200730192456 0.327761868346329)
continue (1.21592589049725 0.312885518054115) (1.23000564872969 0.297668429112391) (1.24424844287858 0.282106418029641)
continue (1.25865616081084 0.266195260006828) (1.27323071225389 0.249930688435823) (1.28797402904873 0.233308394382932)
continue (1.30288806540603 0.216324026057558) (1.31797479816517 0.198973188265994) (1.33323622705622 0.181251441850418)
continue (1.34867437496506 0.163154303113157) (1.36429128820146 0.144677243226313) (1.38008903677037 0.125815687626898)
continue (1.39606971464624 0.106565015397582) (1.41223544005062 0.0869205586332575) (1.42858835573289 0.0668776017935814)
continue (1.44513062925432 0.0464313810416941) (1.46186445327535 0.0255770835693492) (1.47879204584622 0.00430984690867217)
continue (1.495915650701 -0.0173752417692014) (1.51323753755496 -0.0394831463683428) (1.53076000240544 -0.0620188825948489)
continue (1.54848536783617 -0.0849875186959665) (1.56641598332515 -0.10839417621126) (1.58455422555604 -0.132244030735513)
continue (1.6029024987332 -0.156542312693087) (1.62146323490035 -0.181294308123437) (1.64023889426299 -0.206505359477493)
continue (1.65923196551441 -0.232180866424611) (1.67844496616565 -0.258326286669815) (1.69788044287912 -0.284947136781044)
continue (1.71754097180621 -0.312048993026117) (1.73742915892875 -0.339637492219172) (1.75754764040438 -0.367718332576295)
continue (1.77789908291603 -0.396297274580119) (1.79848618402537 -0.425380141853137) (1.81931167253035 -1.38829919103533)
continue (1.84037830882692 -1.38172931800971) (1.86168888527489 -1.37520525447054) (1.88324622656809 -1.36872766332924)
continue (1.90505319010876 -1.36229721783962) (1.9271126663863 -1.35591460176163) (1.94942757936039 -1.3495805095273)
continue (1.97200088684858 -1.34329564640877) (1.99483558091832 -1.33706072868864) (2.01793468828358 -1.33087648383236)
continue (2.04130127070602 -1.32474365066288) (2.06493842540083 -1.3186629795375) (2.08884928544727 -1.31263523252681)
continue (2.11303702020393 -1.30666118359591) (2.13750483572885 -1.30074161878766) (2.16225597520448 -1.29487733640822)
continue (2.18729371936755 -1.28906914721464) (2.21262138694393 -1.28331787460464) (2.23824233508852 -1.27762435480843)
continue (2.26415995983025 -1.27198943708273) (2.2903776965222 -1.2664139839068) (2.31689902029697 -1.26089887118052)
continue (2.3437274465273 -1.25544498842458) (2.37086653129203 -1.25005323898262) (2.39831987184745 -1.24472454022535)
continue (2.42609110710411 -1.23945982375664) (2.45418391810917 -1.23426003562158) (2.48260202853429 -1.22912613651628)
continue (2.51134920516924 -1.22405910199969) (2.54042925842113 -1.21905992270709) (2.56984604281952 -1.21412960456541)
continue (2.59960345752733 -1.20926916901024) (2.62970544685764 -1.20447965320449) (2.66015600079653 -1.19976211025868)
continue (2.69095915553195 -1.1951176094528) (2.72211899398869 -1.19054723645964) (2.75363964636958 -1.18605209356956)
continue (2.78552529070296 -1.18163329991662) (2.81778015339644 -1.17729199170608) (2.85040850979715 -1.17302932244301)
continue (2.88341468475837 -1.1688464631622) (2.91680305321285 -1.16474460265905) (2.95057804075266 -1.1607249477215)
continue (2.98474412421581 -1.15678872336291) (3.01930583227967 -1.15293717305569) (3.0542677460612 -1.14917155896575)
continue (3.0896344997242 -1.14549316218763) (3.12541078109356 -1.14190328298007) (3.16160133227662 -1.13840324100216)
continue (3.19821095029175 -1.13499437554978) (3.23524448770416 -1.13167804579237) (3.27270685326912 -1.12845563100975)
continue (3.3106030125826 -1.12532853082911) (3.34893798873949 -1.12229816546183) (3.38771686299933 -1.11936597594021)
continue (3.42694477545992 -1.11653342435384) (3.46662692573855 -1.11380199408564) (3.50676857366127 -1.11117319004731)
continue (3.54737503996003 -1.1086485389142) (3.58845170697796 -1.1062295893594) (3.63000401938276 -1.10391791228694)
continue (3.67203748488845 -1.10171510106402) (3.71455767498535 -1.09962277175214) (3.75757022567859 -1.0976425633369)
continue (3.8010808382352 -1.09577613795659) (3.84509527993972 -1.09402518112918) (3.88961938485873 -1.09239140197778)
continue (3.93465905461411 -1.09087653345438) (3.98022025916531 -1.08948233256175)
q(h) = 50
metals -4 log
hden   6
sphere expanding
radius 16.0
stop temperature 1000 k
set check energy every zone
iterate to convergence
print lines faint _off
save lines, array "lines17.out"
save incident continuum "continuum17.out"
